4980
5231
5717
5305
5513
5734
5935
5412
5303
5674
5703
6203
6827
6638
7167
6905
6763
6057
7514
8748
8801
8633
7684
5612
5202
4850
5452
5383
4739
4962
4619
4998
4960
4924
5395
4966
5575
5606
5386
5610
5720
5308
5243
5466
5362
5653
5662
5483
5546
5376
5654
5760
5774
5470
5584
5724
5798
5784
5931
5662
5761
5864
6019
6259
6344
5886
6345
6214
6399
6127
6184
6347
6352
6761
6685
6270
6426
6189
6336
6091
6019
5457
5351
5660
5524
5564
5346
5880
5301
5123
5264
5772
5236
5650
5597
5675
5652
5148
5359
5529
5082
5757
5241
5581
5636
5595
5742
5891
5613
5860
5892
5804
5949
5701
5903
5930
6043
5676
5861
5673
5968
6318
5614
6170
5839
5920
6072
5865
5719
6276
5949
6073
6101
6111
5694
5498
5542
5720
5800
5870
5396
5373
5565
5748
5591
5501
5488
5645
5595
5704
5703
5500
5614
5480
5828
5763
5579
5007
5734
5341
5649
5749
5698
5908
5564
5953
5648
5510
5202
5617
5974
5567
5808
5676
6059
5354
5590
6072
5462
6277
5966
5584
5995
5724
5815
6254
5278
5980
6092
5601
5085
5743
5624
5358
5918
5193
5078
6228
5660
5528
5737
5834
5576
5375
5616
5864
5470
5571
5512
5853
5734
5429
5150
5498
5591
5680
5783
5770
5772
5683
5767
5713
5987
5816
5756
5550
5623
5758
6002
5527
5804
5550
5753
5592
5803
6161
5705
5790
5818
5750
5881
5468
5773
5940
5589
6033
5641
5981
5681
5833
5674
5852
5953
5349
5604
5669
5327
5832
5545
5270
5567
5805
5805
5625
5799
5246
5628
5669
5748
5776
5660
5856
5699
5616
5594
5748
5662
5781
5798
5957
5612
5765
5815
5292
5586
5667
5769
4975
5909
5669
5783
5537
6277
5297
5853
5241
6008
5798
5805
5570
5685
5576
5726
5796
5907
5832
5541
5391
5655
5773
5744
5589
5703
5665
5439
5524
5306
6025
6031
5638
5626
5553
5536
5295
5421
5833
5608
5618
6060
5698
5432
5251
5486
5917
5276
5877
5172
6033
5296
6018
5258
5429
5716
5842
5555
5737
5659
5213
5751
5694
6113
5903
5389
5578
5412
5440
5794
5874
5323
5902
4974
5739
5580
5502
5667
5489
5568
5643
5547
5606
5604
5780
5798
5533
5388
5532
5502
5462
5757
5428
5569
5473
5223
5969
5729
5357
5687
5617
5660
5249
5812
5023
5669
5982
5617
5302
5876
5467
5944
5608
5579
5330
5604
5635
5355
5793
5673
5446
5581
5827
5507
5811
5300
5907
5411
5718
5373
5286
5784
5479
5769
5591
5970
5270
5972
5751
5922
5503
5316
5556
5449
5953
5027
5689
5785
5404
5673
5653
5886
5787
5418
5634
5617
5930
5140
5846
5420
5999
5467
5687
5851
5117
5399
5410
5338
5502
5229
5913
5287
5269
5796
5521
5759
5967
5456
5629
5393
5762
5829
5656
5590
5482
5223
5910
5797
5397
5637
5513
5280
5879
5526
5532
5762
5771
5594
5521
5649
5696
5593
5388
6007
4986
5718
5461
5346
5407
4950
5581
5556
5586
5784
5378
5924
5217
5679
5665
5638
5496
5654
5182
4924
5763
5679
5664
5405
5627
5672
5433
5460
5629
5578
5740
5401
5231
5796
4905
5720
5477
5479
5539
5837
4926
5826
5807
5378
5415
5674
5652
5460
5079



3677
3737
3441
3864
3675
3651
3707
3570
3642
3774
3681
3807
3765
3800
3788
3587
3642
3798
3802
3672
3695
3382
2947
3733
3725
3389
3446
3184
3332
3585
3040
3435
3434
3202
1846
2044
2199
2344
2395
2361
3157
2904
3000
3397
3340
3263
3350
3460
3561
3677
4129
4262
4353
4556
4831
4704
4741
5073
5374
5614
6210
6428
7004
6401
6849
7192
7470
7203
7042
7452
6773
7562
7605
8089
7845
8148
8737
8577
9267
7704
8563
7493
7903
7152
7286
8353
7696
7983
7716
7736
8337
7331
7288
6617
7408
7869
7561
7717
7698
8455
7146
8723
7740
7871
7617
7486
7419
7836
8397
6710
7835
8409
8079
7587
8719
8119
8505
7388
8282
8789
7896
8193
8676
7929
8507
8056
7198
7406
6281
5542
5664
5152
5440
5052
5102
4943
5345
5477
5372
5213
5946
5095
5650
5543
5827
5399
5507
5894
5573
5486
5749
6091
5812
5787
6154
5901
5846
5997
6032
6830
5628
6337
5897
6579
6249
6258
6177
6491
6019
6377
6685
6589
6134
6755
6606
6746
6396
7129
5924
7076
6543
7015
6576
6986
6632
7190
6497
6768
6595
6928
6808
6886
7452
6853
6776
7226
6568
7778
6072
6885
7047
7155
6784
7612
6491
7185
6931
7222
6664
7268
7123
7729
7231
7652
7251
7597
7505
7406
6808
7626
7092
7653
6534
7793
7160
7235
6479
6318
6843
5789
6301
6526
5662
5736
6120
6195
6004
6399
5444
6182
5876
5614
6367
5994
5571
5756
6097
6746
5456
6116
5827
5916
6366
5858
6280
5409
6523
5899
6360
6285
6177
5862
6375
5890
6472
5500
6685
6125
6185
5837
5955
6860
6190
6509
6554
6360
6467
6908
5741
6972
5970
6927
6527
6816
6388
6807
6468
6519
6679
6655
6897
6659
7257
6482
7156
5926
6609
7392
5199
7167
6672
7055
6592
6700
6951
6899
6835
6271
7086
6978
7660
6448
6649
7125
7096
7193
6213
6746
6894
7393
6763
7603
6715
7212
6022
6297
7085
5909
6722
5971
6149
6870
5878
6251
6024
6994
5629
6391
6766
5625
5731
6255
6244
5533
5725
6715
6133
6101
6478
5876
5737
6466
5752
6136
6137
6442
6520
5886
6591
5996
5478
5793
6977
6207
6460
6269
6111
6309
6029
6210
6507
6357
6067
6383
6517
6763
6135
6689
6486
6481
6449
6444
6704
5511
6589
6219
6781
6872
6564
7045
6282
6569
6637
6594
7074
6054
6747
6755
6488
7079
6731
7026
6596
6623
7001
7125
6560
7080
6967
6359
7421
7120
6839
6776
7158
7073
6913
6637
6769
6406
6473
7207
7016
6691
6680
6327
6490
7175
5972
6890
6163
6243
6061
6079
6719
6325
6031
6113
7023
5535
6089
5995
6292
6012
6226
6493
6892
5788
6302
6417
5687
6096
7059
5957
6539
5680
6018
6821
5662
5765
6709
6264
6520
5577
5896
7087
5676
6284
6490
6605
6320
6251
6494
6419
6276
6340
6381
6158
6882
5535
6479
6574
6254
6397
6485
6081
6819
5886
7119
5866
6422
5656
6173
6357
6636
6716
6524
6421
6621
6510
6372
6748
6356
6963
6029
7336
6202
6281
6526
7005
6591
6891
6400
6873
6668
6938
6653
6644
6400
6863
6763
6599
6198
7123
6453
6371
6608
6651
6319
6074
6113
5648
7067
6523
6429
6710
5803
6470
6888
5229



3655
3739
3708
3795
3580
3811
3731
3767
3712
3853
3344
3186
4151
4103
3766
3700
3785
3610
3465
3752
3669
3880
3705
3794
3738
3655
3695
3779
2986
3881
4257
3934
3506
3790
3695
3863
3334
3113
3685
4028
4023
3868
3647
3882
3833
3778
3259
3570
3685
3968
4143
3937
3682
3800
3933
3912
3770
3973
3960
4110
4072
3859
4009
4213
4067
4399
4413
4376
4540
4550
4686
4869
4769
4899
3913
4628
5131
5453
5235
5086
4910
5254
5278
5969
7578
6027
6492
8098
6913
6415
6406
5832
5527
4986
5273
5401
4916
5278
5476
5038
4686
3477
2823
3039
3262
3190
3481
3795
4422
4876
4363
4780
4737
5026
4939
5340
5191
5109
5710
5317
5539
5425
5814
5437
6308
5509
6183
6104
5907
6429
6759
6344
6487
6796
7094
7655
6200
7491
7092
7332
7186
7588
7406
7634
7774
7674
8103
7615
7985
7959
7466
7868
7895
7869
8012
8070
7226
7643
7669
7553
8025
8153
7316
7266
8315
6945
8090
7249
8064
7424
7604
7921
8079
7672
8439
7706
8335
8173
7728
8738
8212
8248
8329
8723
8176
8208
8866
8430
8765
8834
8715
8857
8585
8591
8723
9233
8221
8856
8740
8805
8951
8875
8726
8516
9097
8624
7984
8281
8633
9137
7886
9100
8211
8587
9006
8935
8692
9222
8314
9007
8379
8958
8792
8064
8605
8128
8618
7690
7429
7081
5079
6606
5161
5743
6461
5531
5971
6323
6397
5301
5928
6034
6522
6262
5714
6879
5756
7112
6195
6611
5914
6532
7166
5901
6578
7389
6573
6624
6414
7417
6372
7032
7267
7157
7012
6513
7382
7323
7082
7118
6979
7476
7006
7651
7018
6913
7660
7332
7508
7039
7306
7565
7247
7622
7372
7092
7636
7253
7439
8121
6864
7196
7472
7851
7450
7228
7807
7558
7555
7653
7438
7719
7829
7848
8404
6977
8198
8106
8038
8036
7873
7707
8155
7619
8409
7653
8094
8026
7778
8166
7870
8215
7952
7754
8328
8470
8022
7960
8203
8054
8084
8199
8204
8060
8210
7614
8686
8210
8296
7972
7507
8568
8345
8537
6906
8350
8286
8324
8013
8291
8172
8106
7979
8092
8206
8003
7785
7562
7539
6969
7625
6621
7019
6983
7033
6749
6988
6607
7126
6748
6726
7367
6256
6729
6474
6933
6933
6486
6818
6939
6835
6739
6899
6528
7607
6338
7003
6333
6942
6754
6909
6872
6744
7068
6621
6821
7236
6935
6832
6884
7178
6611
7178
7021
6930
7017
6988
6924
6625
7044
7093
6985
7073
7124
6810
6949
7766
6811
6776
6761
7428
6956
6856
7038
7431
7389
6867
7332
7391
7135
7390
6879
7201
7501
7522
7117
7588
7426
7223
7757
7631
6991
8012
7691
7361
7892
7673
7792
7512
7432
8127
7445
7769
7925
7455
8384
7563
7550
7709
7994
8037
7844
8134
8026
7735
8400
8005
7773
7883
7927
7820
7911
7915
7750
7930
7840
8363
8421
7716
7998
7795
7876
8084
8078
7791
7445
7172
7578
7387
7721
6877
7259
7563
6861
6844
7293
6711
7330
6735
7102
7142
6735
6595
6502
6763
6879
6615
6704
6710
6852
6564
6815
6551
6512
7070
6355
6505
6577
6857
6590
6884
7130
6122
6823
6446
7172
6364
6596
6618
6710
6619
6810
6132
7368
6305
6804
6841
7048
6791
6603



3478
3873
3945
3678
3479
3874
3900
3746
3904
3951
3750
3769
3634
3940
3970
3742
3635
3873
3757
3735
3461
3789
4106
3749
3912
3961
3600
3763
3748
3786
3622
3756
3720
3697
3438
3806
3457
3405
3952
4106
4084
3790
3830
3681
3659
3935
4027
3796
3890
4030
3847
3891
3827
3938
3857
3873
3976
4088
4154
3807
3904
4434
4097
3981
4191
4440
4420
4713
4728
4656
5207
4501
4704
4669
5001
5019
4901
4659
5461
4736
5645
6166
7491
7715
7824
8792
6935
7504
6984
6671
6531
5349
6420
5714
5899
5435
5465
5913
5744
5671
6008
5355
5270
5860
5007
5529
5440
5018
4908
4797
4826
4532
4509
4795
4450
4632
4364
4523
4422
4437
4137
4131
4432
4209
4251
4620
4376
4428
4305
4420
4392
4443
4431
4469
4161
4544
4229
3734
4079
4600
3981
4168
4340
4371
4347
4235
4238
4661
3594
4065
3709
3901
4095
3134
3318
4364
4244
3814
3600
3869
4042
3880
3832
3833
3606
3662
4094
3684
3849
3697
3844
3380
3166
3371
3244
3590
3991
3675
4675
4941
4900
5128
5152
5342
5410
5408
5996
5719
5695
6707
6065
6128
6462
6346
6589
6593
6719
7010
7150
7015
6826
7205
6940
7361
7444
7513
7259
7933
7710
7811
8188
7255
8346
8087
7920
7935
7857
8190
7829
8105
8217
7700
7606
8275
7549
7834
8148
8204
7351
8292
7866
7785
7633
8077
7996
8329
7822
7778
7938
8138
8150
8396
8169
8190
8623
8056
8676
8129
8450
8339
8066
8744
8837
8116
7999
8318
7921
8656
8317
8452
8404
8594
8680
8987
8876
7897
8910
8813
8913
8578
7577
8621
8511
7684
8632
8533
9073
8509
8905
8282
8551
8446
9076
7877
8440
8733
7745
7995
8616
9135
7754
9553
7562
8845
8465
7233
8112
7687
8156
6918
7656
8228
7163
8025
6700
7895
6550
7287
7031
6898
7066
6709
6454
6514
7337
6656
6685
6397
6547
5431
6821
6422
5878
5629
6617
6754
6488
5780
6829
7688
8547
8709
8656
8550
8205
8725
8418
7546
7809
7250
6989
7335
6895
6679
6396
6347
6021
6782
6804
5820
7063
6264
6203
6979
6609
6666
6356
6706
7197
6427
7336
6579
7076
6825
7125
7061
6881
7444
7377
7139
6994
7749
7420
7630
7664
7166
7511
7799
7967
7497
7850
7886
8100
7298
8156
7362
8069
7640
7974
7997
7775
7983
8311
8029
7503
8407
7780
8370
7615
8510
8080
7763
7986
7967
8163
8222
8412
8126
7997
8335
8478
8264
8598
7759
8585
7775
8355
8269
8452
8131
8710
8082
8004
7961
8473
8768
7915
8357
7818
8476
7684
8256
8297
8500
8457
8057
7905
7916
8208
7625
8051
8203
8456
8433
8663
8361
8478
8489
7917
8465
8427
8545
7840
6953
8022
8510
8197
8311
8426
7326
8328
8515
9259
7759
8678
7998
8129
8590
8564
7610
8458
7753
7532
7428
8745
7761
7532
6965
7575
8102
8277
7846
7378
6591
7774
7450
7602
6291
7871
8427
7649
7546
8569
8442
8766
8018
8155
7725
8293
7524
7771
7736
7937
7543
8096
7159
7474
7425
7200
7269
7357
7221
7259
7251
7325
7241
6365
7544
7122
6960
7071
6718
7397
7118
7130
7066
7153
7336
6608
7328
6899
7611
7226
7193
6685
7215
7405
7006
7667
6946



3588
3819
3588
3865
3754
3865
3848
3866
4043
3648
3769
3716
3946
3709
4110
3806
3874
3897
3562
3812
3830
3765
3720
3832
3741
3560
3980
3934
3933
3586
3938
3483
3976
3755
3679
3641
3821
3979
3359
3954
3837
3655
3812
4037
3585
3661
3897
3870
3993
3896
4217
3837
3772
3934
3956
4003
3890
4002
3926
4154
4133
4079
3871
4506
4310
4640
4540
4640
4716
4977
4912
4937
4717
5038
4968
4685
5118
5033
5400
5011
5946
6092
7730
7951
7961
7302
8260
7193
7201
6246
5799
5941
6163
5755
5479
6286
5946
5730
5681
5599
5506
5523
5633
5339
5534
4909
5399
4919
5198
4858
4666
4416
4833
4377
4391
4218
4713
4152
4401
4189
4510
4169
4057
4266
4252
4552
4407
4100
4560
4210
4600
4261
4031
4766
4278
4279
4238
4289
4112
4308
4386
3984
4275
4208
4191
3895
4540
4504
4232
4105
4380
4430
4444
4454
4140
4184
4306
4183
4173
4134
4423
3966
4284
4449
4253
4720
4145
4036
4431
4258
4350
4298
4200
3946
4107
4316
4505
4174
4028
3756
4396
4412
4085
4455
4225
4320
4164
3980
4445
4160
3729
4330
4024
4212
4260
4145
4165
4365
3337
3808
4620
4561
4135
3881
3582
3423
4313
4583
4369
3872
3703
4048
4504
3977
4078
4161
4062
3844
3587
3744
3803
3809
3633
3741
3742
3807
3698
3462
3685
4023
3377
3839
3561
3961
3642
3818
3490
3917
3673
3644
3673
3851
3424
3865
3465
3821
3873
3290
4199
2944
3504
3496
3667
4039
3297
4469
4994
5220
5159
5968
4942
5618
5913
5667
5731
6261
5872
6547
6010
6617
6432
6440
6417
6989
6659
7314
6931
7008
7042
6916
7319
7743
6901
7413
7462
7692
7548
7717
7749
8014
8093
7342
7787
7583
7785
7904
7921
7983
7466
8261
7890
7601
7701
8087
7645
8339
7892
7845
8006
7746
7965
7960
8292
8350
8553
8022
8374
7833
8748
8146
8280
9161
8331
8469
8666
8865
8739
8486
9229
7938
7686
7944
8160
8315
7842
8439
7357
8353
8354
7902
7882
8024
7773
7996
7299
8259
6704
7961
7649
7247
7554
6784
7096
7648
7093
6175
6955
7121
7220
6764
6988
6567
6833
6721
6985
6449
7284
7291
6682
7549
6293
7064
6617
6895
6532
7671
6872
6902
6741
6493
5745
6284
5826
5548
6512
5477
6706
5720
5757
6648
6119
6175
5677
4971
4467
4967
4961
4374
5021
4923
4150
4474
4285
4926
5342
5177
4884
4966
4622
4925
3790
4599
4935
4581
4125
4130
3873
3758
3766
3864
4038
3937
4104
3958
4503
3982
3742
3809
3969
3868
3630
3828
3526
3952
3894
3930
3701
3910
3447
3215
4026
3980
3619
4159
3965
3729
4032
3994
3986
3697
4018
3596
3917
3642
3806
3976
3563
3767
3682
3889
3761
4042
4098
4018
3723
3885
3812
3727
3785
3964
3820
4052
3816
3730
3949
3866
3650
4059
3937
3859
3914
3953
4182
4000
4247
3857
4326
3996
4192
3878
4129
3893
4209
4023
4574
4314
3966
4252
3942
4328
4238
4462
4059
4160
4351
4063
4514
3969
4049
4243
4126
4263
4209
4067
4244
4249
4095
4286
3945
4036
4468
4221
4214
4026
4045
4556
6139
5734
5607
5686
5453
5571
6039
6268
6821
6803
6177
6774
6867
6678



3926
3843
3579
4038
3789
3690
3615
3841
3852
3548
3839
3705
4032
3599
3907
3962
3848
3666
3725
3811
4158
3710
3915
3656
4020
3635
3555
4059
3689
3750
3654
3603
3878
3771
3618
3613
3760
3725
3364
3850
3996
3627
3798
4203
3489
4022
3683
3791
3827
4017
4334
3501
4162
3919
3964
4004
4174
3909
3783
4250
4344
4141
4169
4189
4493
4591
4879
4574
4674
4818
4928
5021
4688
5225
4584
5395
4725
5140
5095
5611
6018
6274
7045
8046
6881
9003
7061
6230
6760
7186
6303
5758
5385
5627
5841
5695
5793
5476
5887
5616
6313
5211
5307
5541
5577
5424
4941
5000
4846
4681
4998
4677
4612
4467
4293
4731
4440
4371
4435
4618
4450
4472
4540
4128
4439
4551
4574
4542
4638
4206
4411
4424
4308
4227
4595
4132
4448
4322
4011
4169
4469
4399
4379
4416
4296
4566
4281
4357
4220
4671
4161
4265
4569
4584
4341
4197
4156
4528
4474
4924
4259
4491
4343
4119
4188
4400
3869
4154
4788
4447
4471
4374
4058
4609
4452
4010
4363
4198
4645
4285
4177
4306
4300
4438
4105
4504
4416
4316
3946
4449
3997
4341
4276
4145
4347
4470
3953
4440
4410
4168
4380
3465
4516
4533
4254
4211
4248
4091
4192
4189
4122
4302
4040
4441
4105
4349
4037
4063
4155
3956
4266
4217
4050
4050
3524
4380
4321
4077
4066
4514
4132
3945
4179
4051
4151
4063
4255
4445
3935
4327
4337
3833
4435
4379
3879
4014
4313
4225
4009
4312
4030
4082
4183
4261
4298
4124
4099
4168
3983
4142
3637
4628
3939
4403
4253
3929
4212
4130
4092
3696
3782
4627
3711
4444
4016
4137
4251
4288
3769
4468
3354
4406
4301
4139
3860
3704
3365
4003
4144
3494
3599
3654
3856
3684
3853
3879
3773
3687
3614
3745
3370
3953
3513
3079
3146
4411
4174
3881
3320
3991
3460
4103
3564
3636
3707
3961
3605
3581
3963
4008
3862
3567
3225
3759
3257
3953
4100
3744
4125
5487
5165
5351
6071
5485
6026
5781
6161
6221
6050
6798
6396
6787
6532
7056
7176
6474
7593
7052
6805
7772
7740
7250
7247
7956
7582
7005
8247
7127
8346
7903
8274
7781
7693
8307
7141
7410
8404
7919
7766
8109
7608
8101
7209
7837
7558
7976
7784
7683
8242
7223
8009
8265
7703
7787
7829
8358
7938
8114
7298
8376
8460
8002
8237
8323
8414
7901
7032
7688
6438
6889
7106
6009
7321
6130
7576
5887
6779
6398
6747
6329
6076
6000
6052
6257
5798
5656
6169
5540
5667
6147
5647
5788
5413
5461
6188
5781
5362
5720
6127
5543
5852
5691
6492
5455
5526
5380
5421
5315
4891
5286
5509
5603
6232
4787
4992
4878
4544
4522
4834
4696
5245
3841
6260
6353
5493
5534
5222
4820
5516
5118
5242
5418
5439
5911
5879
5382
4731
5240
4980
4762
4650
4667
4645
5054
4615
4805
4416
4073
4446
3763
4207
3969
3865
3219
3399
4482
4354
4146
4067
3784
4021
3965
3932
4021
3932
4020
3930
3912
3975
4040
4374
3888
4292
3804
3952
4164
4615
4052
4297
3907
4565
4117
4296
4361
3516
3976
4488
4535
3843
4485
3865
4886
3974
4422
4523
3821
4255
3968
4275
4295
3976
4502
3892
4280
4508
4062
4457
4033
4717
4306



3538
3774
3546
3683
3878
3528
3601
3670
3641
3536
3755
3543
3738
3665
3713
3706
3688
3553
3838
3575
3512
3768
3671
3686
3457
3633
3208
3145
3673
3944
3865
3474
3630
3624
3566
3487
3471
3667
3590
3515
3320
3532
3686
3640
3527
3718
3538
3522
3701
3699
3446
3765
3737
3312
3783
3666
3797
3890
3688
3665
3983
3978
3801
3768
3811
3950
4160
4100
3955
3751
4566
4414
4493
4682
4750
4431
4704
4837
4420
4374
4531
4682
4881
4650
4969
5576
5077
6146
5626
7044
6489
6806
6556
6509
7313
5664
6108
5627
5305
5224
5227
5652
5101
5245
6002
5648
4816
5521
4879
5410
4598
5172
4892
4510
3966
5227
5114
4576
4558
4633
4129
3850
4838
4100
4217
4261
4260
4348
4362
3972
4306
4446
4109
4455
4045
4386
4188
3798
4561
4200
4048
4389
4346
4105
4119
4024
4296
4589
4155
3955
4641
3869
4376
4061
3937
4744
4111
4331
4039
4227
4172
4269
4222
4089
4287
4015
4297
4405
3924
4207
4145
4309
4141
4008
4220
3889
4050
3989
4421
4060
4201
4174
4110
4262
3077
4339
4380
4347
4379
4189
4193
4197
4020
4304
4460
4036
4303
4069
4061
4373
3945
4190
4106
4138
4061
4404
4063
3956
4188
4126
4199
4098
3994
4274
4028
4171
4150
4159
4018
3770
4106
4284
4308
3876
4260
4242
4029
4385
4005
4356
3726
4351
3994
4172
4066
4234
3953
4291
4100
3943
4120
3948
4047
3835
4351
4080
3808
4204
4323
4169
3740
3433
4587
4660
3962
3984
4246
3656
4312
3870
3995
4366
4169
3848
4019
3974
3960
3821
4437
4160
3971
4298
3351
4344
4183
4110
3672
3893
4411
3754
4248
3998
3848
4077
4139
4059
4197
4229
4089
3921
4050
3964
4403
3431
4469
3874
4001
4052
4132
3928
3897
4059
4103
3929
3911
3979
3503
4421
4415
4013
3870
3913
4382
3784
4195
3834
4302
3905
3787
3986
4128
4010
4113
4171
3867
3814
4082
3840
3512
4197
4282
3938
3988
3896
3980
3988
4009
4197
3848
3952
4007
3971
3805
4247
3926
3777
3944
4116
3803
3627
3360
4251
4289
3845
3936
3824
4011
4049
3873
3923
3993
4145
3794
4078
4222
3609
3982
3793
4166
4330
3665
4045
4160
3683
3505
3075
3864
3963
3491
3235
4001
3842
3384
3771
3615
3597
3589
3738
3742
3359
4077
3433
3725
3671
3497
3661
3924
3381
3641
3617
3955
3309
3501
3619
4025
3413
3571
3675
3563
3695
3350
3977
3611
3629
3523
3952
3581
3614
3505
3034
3887
3784
4185
4330
4352
4807
5120
6007
5828
5747
6033
6170
6264
6758
6141
6650
6737
6692
6775
6682
7293
7299
6960
7727
7155
7575
7135
7877
7491
7895
7603
8038
7851
7805
6740
8067
7377
7823
7693
7776
7483
7778
7556
7461
8415
7237
8349
7460
7205
8276
7597
7491
7533
8150
8010
7546
7969
7696
8150
8011
8185
7611
8157
7373
8091
8394
7638
7150
7410
6847
5988
7471
7102
6351
7210
6332
6541
5629
6193
6136
5467
6125
6140
5516
6157
5772
5770
5557
5226
5459
5264
5432
5559
5731
5699
5568
5587
5648
4985
5630
5689
5773
4766
5059
3605
3674
4893
5112
5455
5414
4655
4974
4763
4640
4631
5844
4676
4978
4890
4384



3634
3905
3881
3723
3737
3934
3624
3887
3586
4041
3779
3720
3688
3826
3716
3857
3716
3688
3923
3915
3688
3802
3627
3751
3625
3842
3621
3368
3444
3942
3748
3736
3673
3912
3483
3530
3652
3867
3938
3433
4048
3790
3557
3708
3943
3805
3492
3541
3917
3967
3817
3897
3891
3905
3826
4114
3883
4020
3958
3828
4006
3846
4379
4181
4111
4701
4524
4429
4461
5168
4649
4674
4878
4812
4764
4653
4967
4724
5534
4702
5575
5866
6023
6546
8908
8245
7180
7407
7159
5440
6541
6821
5387
5600
5678
5726
5799
5587
5487
6161
5367
5489
5758
5600
4773
5102
5403
5350
4835
4807
5117
4724
4418
4521
4395
4343
4644
4150
4761
4448
4725
4280
4398
4639
4248
4591
4089
4563
4405
4259
4390
4420
4314
4314
4407
4427
4049
4318
4182
4329
4446
4379
4319
4302
4352
4265
4475
4428
4127
4328
4327
4362
4463
4340
4555
4722
4409
3936
4323
4471
4405
4326
4353
4362
4506
4267
4300
4549
4523
4245
4205
4283
4562
4237
4289
4152
4456
4286
4120
4526
4410
4155
4233
4464
4037
4377
4014
3527
4677
4891
4167
4298
4580
4053
3964
4550
4264
4121
4395
4204
4250
4178
4304
4253
3981
4409
4180
4201
4264
4193
4076
4253
4281
4360
3929
3849
4595
4067
4639
3950
4249
4016
4222
3526
4618
3812
4539
3697
4581
4266
3697
3489
4657
4572
4376
3921
4321
4212
4244
3730
4530
4128
4405
4217
4053
4293
4292
3752
3788
4672
4519
3498
4285
4307
4151
4337
3783
4482
4116
4318
3694
3188
3918
4602
4913
4265
4136
4012
4342
4050
3971
4506
3957
4352
4307
3978
3578
4232
4382
4037
3966
4109
4349
3930
4155
4134
4123
3995
3924
4159
4007
3908
4167
3673
4426
4101
4113
3629
4059
4364
3729
4085
4056
3977
3959
4168
4051
3615
3822
4355
4093
4140
3833
4026
3779
4042
3503
4215
2910
3250
4085
4429
4409
4332
3980
4436
3790
3863
3861
3725
3895
4031
3991
4123
3885
3908
4149
3917
3930
4247
3847
3938
3761
4095
3763
3887
3902
3748
4142
3814
4003
3774
3875
3717
4106
4015
3791
3861
4161
3694
4140
4102
3860
4067
3764
3996
3980
3997
4091
3849
3963
4074
4243
3897
3957
4176
3597
3876
4046
3858
3731
4099
4013
3675
4013
4191
3748
4043
3915
3949
4038
4156
4153
3631
3676
3938
4307
3793
4111
3658
4014
3711
3718
4346
2998
3229
4288
4229
4144
3774
4029
3757
3912
4012
3773
3801
3960
4177
3813
3761
3810
3813
4024
4075
3719
3814
4100
3832
3805
3642
3931
3985
3430
3875
4200
4095
3181
3580
4041
3854
3251
3611
3705
3449
3579
3417
3498
3397
3618
3712
3704
3296
3647
3536
3608
3455
3862
3134
3257
4170
3681
3563
3427
3598
3666
3704
3194
3821
3509
3502
3622
3384
3593
3569
3629
3740
2810
3306
4299
3693
3423
3456
3915
3635
3423
3449
3716
3584
3403
3594
3669
3304
4267
4596
4363
4619
4903
4753
5582
5529
6405
6549
6195
6498
6883
6767
6641
7168
6908
7214
7568
7209
7049
7540
7046
8020
7239
8318
6824
8096
7672
7600
8157
8209
7854
7825
8052
8098
7930
8236
7336
8510
8124
8332
7604
7637
7974
7965
7931
7873



3656
3551
3672
3611
3640
3716
3668
3655
3534
3696
3522
3580
3712
3655
3662
3465
3602
3745
3571
3730
3437
3621
3650
3452
3687
3540
3683
3502
3286
3914
3575
3528
3556
3376
3406
3528
3696
3516
3810
3414
3602
3475
3658
3423
3360
3459
3746
3643
3649
3964
3633
3638
3602
3817
3652
3845
3725
3933
3531
3770
3680
4065
3947
3660
3856
3910
3769
3948
4048
4239
4188
4247
4469
4183
4756
4471
4665
4924
4628
4624
4681
4569
4716
4898
4552
5279
4969
5818
7002
6309
6384
6439
7644
5755
6739
5951
6452
5587
5504
5518
5791
5777
5398
5567
5619
5503
5347
5144
5122
5240
5510
4668
4634
5155
4732
5047
4598
4710
4720
4550
4215
4156
4514
4332
4208
4152
4307
4427
4015
4555
4115
4389
3776
4544
4314
4205
3838
4626
4019
4257
4217
4124
4623
4027
4323
4145
4310
4057
4312
4221
4181
4041
4303
4227
4081
4414
4213
3923
4122
4403
4032
4174
4281
4040
4089
4369
3952
3480
4544
4690
4381
4076
3835
3484
4664
4508
4276
4188
4229
4273
4000
4258
4265
4143
4260
4133
4255
4240
4236
4139
4138
3898
4508
4243
4092
4384
3833
4348
4165
4025
3356
4054
4557
4312
4142
3794
4329
3988
4077
4175
4420
4116
4242
3893
4200
3761
4522
3867
4159
4175
3927
4166
3992
4116
4185
3998
4087
3851
3992
4251
3445
4387
3986
3995
4252
3939
4250
3702
3247
3586
4326
4970
4287
4211
3972
3499
3800
4475
4408
3913
3978
4290
3958
4060
4085
4018
4029
4196
3968
3961
4008
4073
4165
4316
4078
4125
3920
3802
3671
4612
3778
4172
4036
4102
4161
3657
4173
3973
4193
3757
3966
4387
4038
3709
3872
3228
4091
4451
3672
4048
4504
4256
3988
4072
3416
3134
4134
4455
4466
4284
4034
4199
3914
4098
3826
4000
4261
3908
4022
3263
4352
4438
3908
4008
4044
3814
4039
4213
3920
4157
4087
3958
4121
3948
4187
3943
4429
3765
4149
4008
3900
4128
3894
4159
3911
3900
4126
3995
3771
3665
3725
4525
4034
3986
4170
4063
3935
3963
3717
4199
3879
3987
4080
3868
4104
4123
4091
3704
3678
4349
3935
4075
3883
3957
4006
3845
3996
3966
3895
3865
4235
3965
3823
4012
3854
3806
4023
3743
4121
4119
3564
3851
3576
4013
3148
2974
3423
4432
4494
4483
4437
3957
3880
4018
3889
3899
3890
3957
3913
3846
4101
3892
3763
3890
4130
4037
4157
3655
3881
4064
3917
4156
3695
3926
3882
3841
3916
4228
3871
3869
3972
4202
3774
3989
3996
3793
3767
3857
4031
3631
3878
3937
3915
3664
3689
4011
4154
3492
3827
3476
4262
4055
3763
3704
3758
3978
3899
4115
4173
3729
3800
4036
3826
4090
3860
3658
4037
4049
3692
3880
3832
3897
3882
3816
3912
3828
3932
3877
3807
3941
3639
3757
4075
3981
4049
3769
3859
3678
4033
3819
3884
3969
3741
4128
3891
3888
3677
3946
4069
3797
3909
3975
3299
3957
4136
4138
3801
4013
3883
3993
4081
3701
3929
3826
3794
3751
4208
3805
4114
3735
3847
3816
3311
3871
3800
4368
3859
4322
3621
3858
3803
3833
3901
3733
3521
3808
3821
3555
3257
3500
3671
3525
3340
3641
3640
3227
3757
3689
3337
3795



3757
3696
3984
3784
3962
3768
3893
3693
3869
4093
3817
3791
3792
3586
3867
3581
3998
3801
3780
3923
3726
3924
3653
3900
3806
3759
3539
4012
3760
3667
3607
3764
3767
3678
3793
3785
3623
3799
3814
3180
3756
4060
3640
3894
3752
3541
3966
3809
3983
3966
4141
3863
3958
3983
4029
3783
4301
4064
4031
3884
4091
4237
4303
4250
4343
4374
4440
4707
4496
4886
4957
4759
4499
4777
4648
4953
4685
5038
5005
5315
5010
6628
6225
7061
7181
6647
7750
6797
6441
5845
6995
6119
5829
5573
5524
5486
5547
4960
5861
6267
5764
5573
4972
5991
5165
4968
5497
5128
4889
3949
5557
4809
4627
4529
4752
4676
4361
4634
4455
4575
4559
4384
4294
4207
4395
4383
4354
4338
4249
4592
4333
4374
4511
4288
4275
4680
4478
4357
4463
4303
4275
4229
4532
4162
4449
4775
4271
4552
4644
4646
4400
4355
4424
4562
4176
4521
4416
4363
4484
4166
4238
4193
4667
4414
4193
4235
4162
4345
4344
4129
4568
4387
3938
4611
4172
4447
4308
4300
4271
4377
4302
3587
4303
4896
4305
4034
4628
4253
4146
4136
4236
4616
4313
4229
4257
4116
4260
4033
4379
4227
4477
4153
3999
4426
4150
4135
4283
3934
4411
4227
4160
4140
4337
3912
4189
4378
4124
4268
4094
4079
4088
4366
3650
4494
4100
4029
4214
3796
4394
4215
4450
4289
3908
4387
4114
4377
4052
4266
4090
4398
4160
4343
4122
4203
4157
4216
4281
4382
3772
4286
4222
4014
3616
4093
4440
4360
4064
4148
4111
4262
4091
4286
4106
4353
4185
4333
3860
4033
4219
4248
4216
4302
4151
4108
4039
4303
4127
4120
4354
4196
4004
4374
4242
4004
4128
4024
4222
4077
4002
3824
4174
4025
4158
4056
4348
3730
4278
3708
4399
3985
4083
3870
4278
4122
3726
4364
3997
4169
3763
4240
4337
3746
4163
4308
4206
3224
4323
4711
4035
3919
3780
4326
3963
4388
3766
4448
4002
4169
3978
3787
4121
4010
4093
3810
4330
3881
4155
3704
4244
3905
4291
3933
3858
4013
4329
4134
4104
4130
3962
4217
3928
3954
4262
3822
4172
4211
3921
3839
4040
3832
4226
4033
4306
3867
3432
3830
3926
4185
4088
4483
3990
4082
3911
4015
4221
3924
4142
4099
3889
4301
3882
4221
3387
4261
4195
3881
4121
3085
4278
4465
4297
4063
3974
4103
3941
4213
4160
3642
3690
4123
3787
4360
4083
3942
4137
4035
4032
3984
4319
3993
3915
3959
3869
4196
4133
4046
4112
4006
3878
3953
4133
4218
3820
3958
4233
4309
3800
4006
3949
4029
4173
3965
4045
4100
3895
4019
4322
4054
4090
4148
3851
3926
4006
3886
4141
4018
3690
3987
4148
4039
3990
3971
4038
4263
3874
4268
3757
3990
3966
4099
3927
3972
3790
4154
3542
3938
4244
4047
3859
4004
3852
4055
4056
3620
4272
3823
4070
4022
3715
4247
3831
4169
4109
4069
3699
4008
4002
3747
4332
3810
4119
3763
3943
4271
3932
3812
4010
3958
3598
3822
3119
4441
4503
3911
4154
3859
3999
4010
4060
4193
3800
4011
4295
3591
3954
4098
3820
3774
3471
4526
4177
4071
3915
4279
3625
3934
4137
3839
3884
4048
4132
3909
3899
3902
3515
4456
3949
3511
3325
4383



